from_area_id
2.0        4
6.0        0
15.0       0
16.0       0
17.0       0
22.0       5
24.0       1
25.0       4
34.0      11
49.0       3
50.0       0
51.0       0
52.0       1
58.0      37
61.0      30
62.0       5
67.0       2
68.0       0
72.0       0
79.0       0
83.0      68
85.0       9
87.0       7
89.0       6
91.0       2
92.0       7
95.0       0
97.0       4
104.0      0
105.0     12
          ..
1370.0     2
1371.0    39
1372.0     2
1373.0    11
1374.0     1
1375.0     3
1376.0     5
1377.0     0
1378.0     8
1379.0    10
1380.0     0
1381.0     1
1382.0     0
1383.0     9
1384.0    13
1385.0     1
1386.0     1
1388.0     7
1389.0     0
1390.0    23
1391.0     6
1393.0     1
1394.0     1
1395.0     6
1396.0     0
1397.0     0
1398.0     3
1399.0     9
1401.0     2
1403.0     0
Name: Car_Cancellation, Length: 598, dtype: int64
